0,0,3,0,3,0,0,0,0,0
0,1,1,1,0,0,2,2,2,0
0,1,0,1,0,0,2,0,2,0
<<<<<<< Updated upstream:Cavern Generation/Assets/Unidad3/Script/WFC 2/input.csv.txt
0,1,1,1,0,0,2,2,0,0
0,1,0,1,0,0,2,0,2,0
0,0,0,0,0,0,2,2,2,0
0,0,1,1,1,0,0,0,0,0
0,0,1,0,1,0,0,2,2,0
0,0,0,0,0,0,2,0,2,0
0,0,0,0,0,0,0,0,0,0
=======
0,1,3,1,0,0,2,2,2,0
0,1,0,1,0,0,0,0,0,0
0,1,0,1,0,3,1,1,1,0
0,1,0,1,3,3,1,0,1,0
0,1,0,1,0,0,1,2,1,0
0,1,1,1,0,0,1,1,1,0
0,0,3,0,3,0,0,3,0,0
>>>>>>> Stashed changes:Cavern Generation/Assets/InputMaps/map1.csv.txt
